0.0,0.0,0.0
0.05368288402766115,-1.9457799963859695E-5,6.024018037154361E-4
0.11064477771253826,9.412648091489906E-5,0.003385672433035702
0.16760613463180135,3.6625048284052487E-4,0.006168943062355966
0.22456651352915002,7.969120977798383E-4,0.008952213691676236
0.27460276016315766,0.0016462573954659418,0.030489829349078318
0.332557288495385,0.004771205945029378,0.07971843610491068
0.39025256944990033,0.011054345364326243,0.1380903669084821
0.4474598593193262,0.020822392504493872,0.20033029751404077
0.5040307312970546,0.03416123120881052,0.261867966049827
0.5610130171178055,0.0504809014209173,0.28536234406502
0.6156232869603977,0.06531723091624586,0.23062572792158684
0.668650414844871,0.07504178413118914,0.12965695542014674
0.7217401291250284,0.07912197062580052,0.023456064813147853
0.7749623877146469,0.0775300729536903,-0.08325898369995702
0.827712326362011,0.0702783889921527,-0.1899740322130618
0.8794591788138989,0.057429527783793226,-0.296135912073373
0.93342534495133,0.039490928693736084,-0.32956226035966324
0.9870880524312666,0.02172884850095405,-0.3057014227660573
1.0412683629239416,0.005619269485706938,-0.27111021317864376
1.0960237578520688,-0.008406521146618126,-0.22940443413378486
1.1513464183964777,-0.01998913386790408,-0.18235367088493692
1.207188332687235,-0.028716858669448835,-0.1261219634306598
1.2634509481392924,-0.03408257518344658,-0.0625555369293637
1.3199468011565036,-0.035446425428436436,0.017232554633496332
1.37629648795757,-0.03188106262262011,0.1113626444592452
1.4315592453462962,-0.022411344032361814,0.23597976445492494
1.4858256125615905,-0.004996384246202896,0.3856650818152359
1.536979829511373,0.020421180238442898,0.5366337013068835
1.5837295164377079,0.05324302156957806,0.6876023207985317
1.6251994795346014,0.0929030051144447,0.833595199092743
1.6662136432391152,0.13298501675509028,0.7028425956761242
1.7094541905798606,0.16434818935947088,0.5466158509144595
1.7610079476965295,0.18934693565845445,0.35418529935916
1.8140537602334676,0.2034244433706915,0.16447438436060013
1.8719469596347231,0.20720225003833329,-0.028661216067827303
1.9229595117497515,0.204288267350159,-0.05752008253528119
1.9759511184706224,0.20182495751688415,-0.035382850752447126
2.0370974936065585,0.20196399182926839,0.05650135346162257
2.0903153721914016,0.20648981325881685,0.08209276106170899
2.142903899552891,0.20734618570843416,-0.06606076851418388
2.193859169949546,0.19908188166786114,-0.25734875994563544
2.247140897075676,0.1787448164204492,-0.4718958959623405
2.297042098162713,0.14725326776870087,-0.6161040950370812
2.341106897664193,0.11718334635675293,-0.5630794739613323
2.3909127439683258,0.09011249756766053,-0.42540713655673845
2.4414807110607724,0.07135474723843609,-0.28500820064984045
2.490827439984078,0.059341409921768055,-0.22243664044498737
2.5431727178172454,0.047328996080155,-0.2288761138212835
2.598993592882237,0.03557649070144324,-0.15863542266704964
2.653874986770028,0.030449177939210138,-0.023030155304938425
2.706885175921782,0.03257199025442613,0.08570249720982252
2.7583985394556896,0.03740045095444035,0.09149823701216984
2.8097089955995753,0.04168862520714493,0.07429076473394404
2.8609231993476785,0.04495724215680824,0.05298398460001544
2.912195898133119,0.04712228741116443,0.031418041879681294
2.9635033617966218,0.04818117083932362,0.009852099159347202
3.0148217286806283,0.04813339998440039,-0.011713843560986892
3.0661271320567995,0.046978997063275095,-0.03327978628132099
3.1173957112257624,0.04471849895626142,-0.05484572900165514
3.1686036226140435,0.04135295695741847,-0.07641167172198927
3.2197270508630482,0.03688393628562348,-0.09797761444232342
3.2665092973798595,0.01898935196133156,3.1240760391165203
3.212705766347796,0.02029275001603263,3.1102642164098695
3.160122126185522,0.02226073510909902,3.1001364757344674
3.10603509131138,0.02466895295499582,3.0940578804543706
3.051963694165241,0.027405897480269434,3.087979285174274
2.9979099326423406,0.030471467556990577,3.081900689894177
2.9438758039862916,0.033865549914776506,3.07582209461408
2.8898633047152886,0.03758801914497627,3.0697434993339834
2.835874430548338,0.041638737705304414,3.0636649040538866
2.7819111763315156,0.04601755592492314,3.05758630877379
2.7264734932278425,0.05082080621255386,3.0540171775993947
2.669727055482333,0.055771856682445754,3.0562026839718026
2.6129506338344783,0.060363457235230414,3.0660573291690953
2.5561294764209355,0.06436326901438721,3.0765738272249723
2.4992693978581295,0.06776531103568458,3.0870903252808493
2.442376686626934,0.07056920704786272,3.097606823336726
2.3854576348172594,0.07277464695204565,3.108123321392603
2.328518537432171,0.07438138683603672,3.11863981944848
2.271565691691689,0.07538924900129437,3.129156317504357
2.2146053963363417,0.07579812198258482,3.139672815560234
2.157643950930551,0.07560796056030954,3.150189313616111
2.1006876551659333,0.07481878576550643,3.160705811671988
2.0437428081645743,0.07343068487752381,3.171222309727865
1.9868157077823776,0.0714438114143679,3.181738807783742
1.9299126499125445,0.06885838511572402,3.192255305839619
1.8730399277892786,0.06567469191865474,3.2027718038954958
1.8162038312917794,0.0618930839259761,3.2132883019513727
1.7597711830934772,0.05754616523895767,3.222292989001345
1.7087657599419992,0.05404594056404504,3.1917760026642195
1.6576907630268933,0.05268095755321791,3.144811615693455
1.6055210217856064,0.05369061269250415,3.1071758735059563
1.549895855727235,0.05560182859337055,3.1084403576829436
1.4942649937881805,0.057338453809775786,3.112331340455844
1.43862779580543,0.05885860770090594,3.1162223232287447
1.38298510411102,0.060162267252044835,3.1201133060016453
1.3273377611201578,0.0612494127261417,3.124004288774546
1.271686609318472,0.06212002766410991,3.1278952715474464
1.2161488168155545,0.0627585198363308,3.1345493186564637
1.1616695718116183,0.06231840219466607,3.166816382623557
1.1073685425541644,0.05998591891135931,3.202225503807311
1.0531841251399352,0.055732547758216636,3.2376346249910646
0.9992127328999614,0.04956929364050071,3.272121332265328
0.9476492762507125,0.04276684906837113,3.2631723812824656
0.8974385959544046,0.03792072245053536,3.2104617318008994
0.8470368226588638,0.0358827795941428,3.1523336423531765
0.7968812773283592,0.03636651066698595,3.1225579344578716
0.746876888844088,0.0374132605911722,3.1202818575389495
0.6968725909433784,0.03846485043482459,3.120849670128956
0.6468677039977193,0.0394880470405781,3.1214174827189627
0.5968622441292425,0.04048285007854274,3.1219852953089693
0.546406866413925,0.04142722017483304,3.1260156385009346
0.4948769027902361,0.04191822335638506,3.13814706266208
0.4433447796589256,0.04178226914179148,3.1503147163919176
0.3918181253952624,0.041019315432897406,3.1624823701217553
0.34030456851889973,0.03962947518497709,3.174650023851593
0.28881173561042295,0.037612954163838475,3.1868176775814305
0.23734725018223485,0.03497005091535965,3.198985331311268
0.18591873154989452,0.031701156721289085,3.211152985041106
0.134533793704078,0.027806755541316383,3.2233206387709434